0 
0 
0 
0 
0 
0 
0 
0 
0 
0 
0 
0 
0 
0 
0 
0 
0 
0 
0 
0 
1 
1 
4 
4 
5 
1 
7 
7 
9 
16 
36 
45 
84 
76 
106 
133 
133 
140 
136 
147 
134 
143 
117 
107 
127 
116 
119 
141 
133 
124 
121 
111 
113 
120 
121 
135 
116 
108 
120 
122 
122 
122 
118 
108 
122 
132 
132 
117 
114 
132 
135 
109 
120 
123 
110 
116 
115 
110 
130 
116 
114 
108 
108 
96 
124 
103 
89 
109 
123 
92 
106 
115 
100 
100 
119 
101 
107 
103 
105 
98 
99 
111 
96 
106 
103 
99 
89 
68 
93 
102 
91 
86 
67 
93 
101 
71 
90 
71 
83 
88 
87 
75 
76 
82 
80 
86 
66 
66 
69 
70 
88 
63 
82 
66 
66 
68 
75 
64 
73 
61 
78 
76 
67 
67 
49 
56 
68 
52 
51 
64 
57 
69 
54 
50 
54 
50 
48 
61 
50 
60 
47 
41 
63 
61 
44 
39 
44 
58 
61 
52 
46 
60 
47 
49 
53 
35 
41 
49 
40 
47 
52 
50 
46 
37 
51 
36 
47 
41 
30 
40 
37 
37 
29 
35 
33 
36 
30 
34 
30 
37 
35 
33 
24 
35 
22 
29 
26 
28 
35 
30 
25 
36 
31 
27 
29 
21 
31 
31 
30 
26 
25 
30 
33 
25 
24 
32 
24 
25 
35 
20 
21 
22 
34 
22 
23 
33 
22 
25 
32 
23 
18 
17 
25 
16 
25 
23 
25 
27 
20 
20 
33 
15 
19 
18 
21 
19 
23 
17 
29 
25 
17 
11 
16 
17 
15 
7 
13 
18 
19 
14 
20 
20 
25 
18 
18 
15 
23 
19 
12 
17 
23 
7 
10 
14 
14 
15 
9 
19 
18 
19 
17 
17 
11 
8 
15 
19 
10 
10 
16 
17 
11 
15 
18 
19 
18 
15 
19 
14 
10 
19 
12 
13 
15 
10 
17 
9 
12 
13 
10 
12 
17 
7 
8 
12 
12 
8 
16 
8 
8 
15 
12 
18 
12 
12 
12 
9 
5 
8 
8 
9 
12 
8 
9 
16 
5 
7 
13 
11 
12 
7 
4 
11 
11 
11 
8 
5 
14 
8 
13 
8 
8 
15 
11 
10 
10 
14 
5 
8 
8 
8 
9 
11 
12 
9 
8 
6 
9 
10 
5 
8 
9 
13 
7 
10 
11 
7 
5 
10 
9 
8 
4 
6 
10 
7 
19 
7 
6 
7 
6 
5 
9 
10 
5 
7 
8 
6 
9 
6 
7 
8 
6 
9 
3 
8 
13 
3 
6 
7 
3 
8 
4 
11 
6 
9 
3 
3 
6 
9 
7 
6 
5 
8 
5 
4 
7 
7 
6 
8 
8 
5 
9 
8 
4 
6 
2 
8 
2 
11 
4 
5 
5 
9 
9 
5 
8 
9 
4 
1 
5 
5 
5 
4 
7 
6 
4 
6 
5 
3 
5 
10 
3 
3 
8 
6 
5 
2 
4 
5 
5 
9 
5 
4 
3 
5 
9 
7 
6 
6 
4 
7 
5 
1 
7 
6 
6 
8 
2 
6 
5 
6 
