0.200000 
0.200000 
0.200000 
0.200000 
0.200000 
0.200000 
0.200000 
0.200000 
0.200000 
0.200000 
0.200000 
0.200000 
0.200000 
0.200000 
0.200000 
0.200000 
0.200000 
0.200000 
0.200000 
0.200000 
0.200000 
0.200000 
0.200000 
0.200000 
0.200000 
0.200000 
0.200000 
0.200000 
0.200000 
0.200000 
0.200000 
0.200000 
0.200000 
0.200000 
0.200000 
0.200000 
0.200000 
0.200000 
0.200000 
0.200000 
0.198000 
0.196020 
0.214060 
0.231919 
0.251919 
0.271919 
0.291919 
0.311919 
0.331919 
0.351919 
0.371919 
0.391919 
0.391919 
0.391919 
0.391919 
0.391919 
0.391919 
0.391919 
0.391919 
0.391919 
0.391919 
0.391919 
0.391919 
0.391919 
0.391919 
0.391919 
0.391919 
0.391919 
0.391919 
0.391919 
0.391919 
0.391919 
0.391919 
0.391919 
0.391919 
0.391919 
0.391919 
0.391919 
0.391919 
0.388000 
0.384120 
0.380279 
0.376476 
0.376476 
0.376476 
0.376476 
0.376476 
0.376476 
0.376476 
0.376476 
0.376476 
0.376476 
0.376476 
0.376476 
0.376476 
0.376476 
0.376476 
0.376476 
0.376476 
0.376476 
0.376476 
0.376476 
0.376476 
0.376476 
0.376476 
0.376476 
0.376476 
0.376476 
0.376476 
0.376476 
0.376476 
0.376476 
0.376476 
0.376476 
0.376476 
0.376476 
0.376476 
0.376476 
0.372711 
0.368984 
0.365294 
0.361641 
0.361641 
0.361641 
0.361641 
0.361641 
0.361641 
0.361641 
0.361641 
0.361641 
0.361641 
0.361641 
0.361641 
0.361641 
0.361641 
0.361641 
0.361641 
0.361641 
0.361641 
0.361641 
0.361641 
0.361641 
0.361641 
0.361641 
0.361641 
0.361641 
0.361641 
0.361641 
0.361641 
0.361641 
0.361641 
0.361641 
0.361641 
0.361641 
0.361641 
0.361641 
0.361641 
0.358025 
0.354445 
0.350900 
0.347391 
0.347391 
0.347391 
0.347391 
0.347391 
0.347391 
0.347391 
0.347391 
0.347391 
0.347391 
0.347391 
0.347391 
0.347391 
0.347391 
0.347391 
0.347391 
0.347391 
0.347391 
0.347391 
0.347391 
0.347391 
0.347391 
0.347391 
0.347391 
0.347391 
0.347391 
0.347391 
0.347391 
0.347391 
0.347391 
0.347391 
0.347391 
0.347391 
0.347391 
0.347391 
0.347391 
0.343917 
0.340478 
0.337073 
0.333703 
0.333703 
0.333703 
0.333703 
0.333703 
0.333703 
0.333703 
0.333703 
0.333703 
0.333703 
0.333703 
0.333703 
0.333703 
0.333703 
0.333703 
0.333703 
0.333703 
0.333703 
0.333703 
0.333703 
0.333703 
0.333703 
0.333703 
0.333703 
0.333703 
0.333703 
0.333703 
0.333703 
0.333703 
0.333703 
0.333703 
0.333703 
0.333703 
0.333703 
0.333703 
0.333703 
0.330366 
0.327062 
0.323791 
0.320553 
0.320553 
0.320553 
0.320553 
0.320553 
0.320553 
0.320553 
0.320553 
0.320553 
0.320553 
0.320553 
0.320553 
0.320553 
0.320553 
0.320553 
0.320553 
0.320553 
0.320553 
0.320553 
0.320553 
0.320553 
0.320553 
0.320553 
0.320553 
0.320553 
0.320553 
0.320553 
0.320553 
0.320553 
0.320553 
0.320553 
0.320553 
0.320553 
0.320553 
0.320553 
0.320553 
0.317348 
0.314174 
0.311033 
0.307922 
0.307922 
0.307922 
0.307922 
0.307922 
0.307922 
0.307922 
0.307922 
0.307922 
0.307922 
0.307922 
0.307922 
0.307922 
0.307922 
0.307922 
0.307922 
0.307922 
0.307922 
0.307922 
0.307922 
0.307922 
0.307922 
0.307922 
0.307922 
0.307922 
0.307922 
0.307922 
0.307922 
0.307922 
0.307922 
0.307922 
0.307922 
0.307922 
0.307922 
0.307922 
0.307922 
0.304843 
0.301795 
0.298777 
0.295789 
0.295789 
0.295789 
0.295789 
0.295789 
0.295789 
0.295789 
0.295789 
0.295789 
0.295789 
0.295789 
0.295789 
0.295789 
0.295789 
0.295789 
0.295789 
0.295789 
0.295789 
0.295789 
0.295789 
0.295789 
0.295789 
0.295789 
0.295789 
0.295789 
0.295789 
0.295789 
0.295789 
0.295789 
0.295789 
0.295789 
0.295789 
0.295789 
0.295789 
0.295789 
0.295789 
0.292831 
0.289903 
0.287004 
0.284134 
0.284134 
0.284134 
0.284134 
0.284134 
0.284134 
0.284134 
0.284134 
0.284134 
0.284134 
0.284134 
0.284134 
0.284134 
0.284134 
0.284134 
0.284134 
0.284134 
0.284134 
0.284134 
0.284134 
0.284134 
0.284134 
0.284134 
0.284134 
0.284134 
0.284134 
0.284134 
0.284134 
0.284134 
0.284134 
0.284134 
0.284134 
0.284134 
0.284134 
0.284134 
0.284134 
0.281292 
0.278479 
0.275695 
0.272938 
0.272938 
0.272938 
0.272938 
0.272938 
0.272938 
0.272938 
0.272938 
0.272938 
0.272938 
0.272938 
0.272938 
0.272938 
0.272938 
0.272938 
0.272938 
0.272938 
0.272938 
0.272938 
0.272938 
0.272938 
0.272938 
0.272938 
0.272938 
0.272938 
0.272938 
0.272938 
0.272938 
0.272938 
0.272938 
0.272938 
0.272938 
0.272938 
0.272938 
0.272938 
0.272938 
0.270208 
0.267506 
0.264831 
0.262183 
0.262183 
0.262183 
0.262183 
0.262183 
0.262183 
0.262183 
0.262183 
0.262183 
0.262183 
0.262183 
0.262183 
0.262183 
0.262183 
0.262183 
0.262183 
0.262183 
0.262183 
0.262183 
0.262183 
0.262183 
0.262183 
0.262183 
0.262183 
0.262183 
0.262183 
0.262183 
0.262183 
0.262183 
0.262183 
0.262183 
0.262183 
0.262183 
0.262183 
0.262183 
0.262183 
0.259561 
0.256965 
0.254396 
0.251852 
0.251852 
0.251852 
0.251852 
0.251852 
0.251852 
0.251852 
0.251852 
0.251852 
0.251852 
0.251852 
0.251852 
0.251852 
0.251852 
0.251852 
0.251852 
0.251852 
0.251852 
0.251852 
0.251852 
0.251852 
0.251852 
0.251852 
0.251852 
0.251852 
0.251852 
0.251852 
0.251852 
0.251852 
0.251852 
0.251852 
0.251852 
0.251852 
0.251852 
0.251852 
0.251852 
0.249333 
0.246840 
0.244372 
0.241928 
0.241928 
0.241928 
0.241928 
0.241928 
0.241928 
0.241928 
0.241928 
0.241928 
0.241928 
0.241928 
0.241928 
0.241928 
0.241928 
0.241928 
0.241928 
0.241928 
0.241928 
0.241928 
0.241928 
0.241928 
0.241928 
0.241928 
0.241928 
0.241928 
0.241928 
0.241928 
0.241928 
0.241928 
0.241928 
0.241928 
0.241928 
0.241928 
0.241928 
0.241928 
0.241928 
0.239509 
0.237113 
0.234742 
0.232395 
0.232395 
0.232395 
0.232395 
0.232395 
0.232395 
0.232395 
0.232395 
0.232395 
0.232395 
0.232395 
0.232395 
0.232395 
0.232395 
0.232395 
0.232395 
0.232395 
0.232395 
0.232395 
0.232395 
0.232395 
0.232395 
0.232395 
0.232395 
0.232395 
0.232395 
0.232395 
0.232395 
0.232395 
0.232395 
0.232395 
0.232395 
0.232395 
0.232395 
0.232395 
0.232395 
0.230071 
0.227770 
0.225493 
0.223238 
0.223238 
0.223238 
0.223238 
0.223238 
0.223238 
0.223238 
0.223238 
0.223238 
0.223238 
0.223238 
0.223238 
0.223238 
0.223238 
0.223238 
0.223238 
0.223238 
0.223238 
0.223238 
0.223238 
0.223238 
0.223238 
0.223238 
0.223238 
0.223238 
0.223238 
0.223238 
0.223238 
0.223238 
0.223238 
0.223238 
0.223238 
0.223238 
0.223238 
0.223238 
0.223238 
0.221005 
0.218795 
0.216607 
0.214441 
0.214441 
0.214441 
0.214441 
0.214441 
0.214441 
0.214441 
0.214441 
0.214441 
0.214441 
0.214441 
0.214441 
0.214441 
0.214441 
0.214441 
0.214441 
0.214441 
0.214441 
0.214441 
0.214441 
0.214441 
0.214441 
0.214441 
0.214441 
0.214441 
0.214441 
0.214441 
0.214441 
0.214441 
0.214441 
0.214441 
0.214441 
0.214441 
0.214441 
0.214441 
0.214441 
0.212297 
0.210174 
0.208072 
0.205991 
0.205991 
0.205991 
0.205991 
0.205991 
0.205991 
0.205991 
0.205991 
0.205991 
0.205991 
0.205991 
0.205991 
0.205991 
0.205991 
0.205991 
0.205991 
0.205991 
0.205991 
0.205991 
0.205991 
0.205991 
0.205991 
0.205991 
0.205991 
0.205991 
0.205991 
0.205991 
0.205991 
0.205991 
0.205991 
0.205991 
0.205991 
0.205991 
0.205991 
0.205991 
0.205991 
0.203931 
0.201892 
0.199873 
0.197874 
0.217874 
0.237874 
0.257874 
0.277874 
0.297874 
0.317874 
0.337874 
0.357874 
0.377874 
0.397874 
0.397874 
0.397874 
0.397874 
0.397874 
0.397874 
0.397874 
0.397874 
0.397874 
0.397874 
0.397874 
0.397874 
0.397874 
0.397874 
0.397874 
0.397874 
0.397874 
0.397874 
0.397874 
0.397874 
0.397874 
0.397874 
0.397874 
0.397874 
0.397874 
0.397874 
0.393896 
0.389957 
0.386057 
0.382197 
0.382197 
0.382197 
0.382197 
0.382197 
0.382197 
0.382197 
0.382197 
0.382197 
0.382197 
0.382197 
0.382197 
0.382197 
0.382197 
0.382197 
0.382197 
0.382197 
0.382197 
0.382197 
0.382197 
0.382197 
0.382197 
0.382197 
0.382197 
0.382197 
0.382197 
0.382197 
0.382197 
0.382197 
0.382197 
0.382197 
0.382197 
0.382197 
0.382197 
0.382197 
0.382197 
0.378375 
0.374591 
0.370845 
0.367137 
0.367137 
0.367137 
0.367137 
0.367137 
0.367137 
0.367137 
0.367137 
0.367137 
0.367137 
0.367137 
0.367137 
0.367137 
0.367137 
0.367137 
0.367137 
0.367137 
0.367137 
0.367137 
0.367137 
0.367137 
0.367137 
0.367137 
0.367137 
0.367137 
0.367137 
0.367137 
0.367137 
0.367137 
0.367137 
0.367137 
0.367137 
0.367137 
0.367137 
0.367137 
0.367137 
0.363465 
0.359831 
0.356232 
0.352670 
0.352670 
0.352670 
0.352670 
0.352670 
0.352670 
0.352670 
0.352670 
0.352670 
0.352670 
0.352670 
0.352670 
0.352670 
0.352670 
0.352670 
0.352670 
0.352670 
0.352670 
0.352670 
0.352670 
0.352670 
0.352670 
0.352670 
0.352670 
0.352670 
0.352670 
0.352670 
0.352670 
0.352670 
0.352670 
0.352670 
0.352670 
0.352670 
0.352670 
0.352670 
0.352670 
0.349143 
0.345652 
0.342195 
0.338773 
0.338773 
0.338773 
0.338773 
0.338773 
0.338773 
0.338773 
0.338773 
0.338773 
0.338773 
0.338773 
0.338773 
0.338773 
0.338773 
0.338773 
0.338773 
0.338773 
0.338773 
0.338773 
0.338773 
0.338773 
0.338773 
0.338773 
0.338773 
0.338773 
0.338773 
0.338773 
0.338773 
0.338773 
0.338773 
0.338773 
0.338773 
0.338773 
0.338773 
0.338773 
0.338773 
0.335386 
0.332032 
0.328711 
0.325424 
0.325424 
0.325424 
0.325424 
0.325424 
0.325424 
0.325424 
0.325424 
0.325424 
0.325424 
0.325424 
0.325424 
0.325424 
0.325424 
0.325424 
0.325424 
0.325424 
0.325424 
0.325424 
0.325424 
0.325424 
0.325424 
0.325424 
0.325424 
0.325424 
0.325424 
0.325424 
0.325424 
0.325424 
0.325424 
0.325424 
0.325424 
0.325424 
0.325424 
0.325424 
0.325424 
0.322170 
0.318948 
0.315759 
0.312601 
0.312601 
0.312601 
0.312601 
0.312601 
0.312601 
0.312601 
0.312601 
0.312601 
0.312601 
0.312601 
0.312601 
0.312601 
0.312601 
0.312601 
0.312601 
0.312601 
0.312601 
0.312601 
0.312601 
0.312601 
0.312601 
0.312601 
0.312601 
0.312601 
0.312601 
0.312601 
0.312601 
0.312601 
0.312601 
0.312601 
0.312601 
0.312601 
0.312601 
0.312601 
0.312601 
0.309475 
0.306381 
0.303317 
0.300284 
0.300284 
0.300284 
0.300284 
0.300284 
0.300284 
0.300284 
0.300284 
0.300284 
0.300284 
0.300284 
0.300284 
0.300284 
0.300284 
0.300284 
0.300284 
0.300284 
0.300284 
0.300284 
0.300284 
0.300284 
